%YAML:1.0
---
camera_matrix: !!opencv-matrix
   rows: 3
   cols: 3
   dt: d
   data: [ 8.7380813416721537e+02, 0., 6.0376235361564295e+02, 0.,
       8.7070598203070006e+02, 3.9643407749063476e+02, 0., 0., 1. ]
dist_coeffs: !!opencv-matrix
   rows: 1
   cols: 5
   dt: d
   data: [ 2.9344235921175515e-01, -5.2057849934376743e-01,
       8.7370089161313417e-04, 1.3031502639553426e-02,
       1.4728460417670072e-01 ]
