%YAML:1.0
---
camera_matrix: !!opencv-matrix
   rows: 3
   cols: 3
   dt: d
   data: [ 7.4241882539112214e+02, 0., 5.9017009099101790e+02, 0.,
       7.3933517125563026e+02, 3.8692383023527549e+02, 0., 0., 1. ]
dist_coeffs: !!opencv-matrix
   rows: 1
   cols: 5
   dt: d
   data: [ 6.3198458861614140e-02, 6.1028501255171064e-02,
       -4.8993314796959321e-03, -1.3185461393016799e-02,
       -2.2439081348090359e-01 ]
